BFS,SUDOKU_PUZZLE_9x9_101,9,20,1046,20,11183039,11173532
BFS,SUDOKU_PUZZLE_9x9_102,9,20,1064,20,13242025,13231761
BFS,SUDOKU_PUZZLE_9x9_103,9,20,1679,20,26482151,26463360
BFS,SUDOKU_PUZZLE_9x9_104,9,20,1037,20,12653588,12643695
BFS,SUDOKU_PUZZLE_9x9_105,9,20,989,20,11182624,11173528
BFS,SUDOKU_PUZZLE_16x16_01,16,64,4686,20,61207869,61159527
BFS,SUDOKU_PUZZLE_16x16_02,16,64,4773,20,55031958,54984855
BFS,SUDOKU_PUZZLE_16x16_03,16,64,4246,20,47380931,47339965
BFS,SUDOKU_PUZZLE_16x16_04,16,64,4051,20,40026458,39989138
BFS,SUDOKU_PUZZLE_16x16_05,25,156,6725,20,58865437,58807530
BFS,SUDOKU_PUZZLE_16x16_06,25,156,19154,20,191602219,191417063
DLX,SUDOKU_PUZZLE_9x9_101,9,20,319433,10235,77730542,74438002
DLX,SUDOKU_PUZZLE_9x9_102,9,20,319433,10235,77730542,74438002
DLX,SUDOKU_PUZZLE_9x9_103,9,20,319795,10423,78829714,75593748
DLX,SUDOKU_PUZZLE_9x9_104,9,20,319433,10235,77730542,74438002
DLX,SUDOKU_PUZZLE_9x9_105,9,20,319433,10235,77730542,74438002
DLX,SUDOKU_PUZZLE_16x16_01,16,64,4909445,32661,299752986,242320002
DLX,SUDOKU_PUZZLE_16x16_02,16,64,4909349,32614,299752735,242319901
DLX,SUDOKU_PUZZLE_16x16_03,16,64,4908987,32426,299751995,242319750
DLX,SUDOKU_PUZZLE_16x16_04,16,64,4909257,32567,299752551,242319865
DLX,SUDOKU_PUZZLE_16x16_05,25,156,39145266,57533,643581203,114246180
DLX,SUDOKU_PUZZLE_16x16_06,25,156,43124711,79155,1199082112,666364039
CP,SUDOKU_PUZZLE_9x9_101,9,20,1386,20,11182457,11173643
CP,SUDOKU_PUZZLE_9x9_102,9,20,1484,20,13241647,13231874
CP,SUDOKU_PUZZLE_9x9_103,9,20,2313,20,23832926,23817131
CP,SUDOKU_PUZZLE_9x9_104,9,20,1402,20,12653117,12643807
CP,SUDOKU_PUZZLE_9x9_105,9,20,1358,20,11182358,11173642
CP,SUDOKU_PUZZLE_16x16_01,16,64,7287,20,61205714,61159922
CP,SUDOKU_PUZZLE_16x16_02,16,64,6606,20,50320843,50280697
CP,SUDOKU_PUZZLE_16x16_03,16,64,6175,20,47378122,47340352
CP,SUDOKU_PUZZLE_16x16_04,16,64,5785,20,40023736,39989531
CP,SUDOKU_PUZZLE_16x16_05,25,156,29351,20,228052272,227877592
CP,SUDOKU_PUZZLE_16x16_06,25,156,23382,20,147443531,147312962
